3729839598.738000	0.031643	0.030212
3729839599.179000	0.035139	0.033092
3729839599.629000	0.036605	0.035623
3729839600.073000	0.036330	0.037546
3729839600.519000	0.035983	0.038167
3729839600.964000	0.035369	0.035901
3729839601.396000	0.034228	0.035150
3729839601.831000	0.031107	0.034189
3729839602.281000	0.033479	0.035587
3729839602.725000	0.035320	0.033872
3729839603.164000	0.035410	0.034569
3729839603.608000	0.037275	0.030313
3729839604.046000	0.031425	0.030338
3729839604.486000	0.030002	0.029850
3729839604.930000	0.031214	0.027145
3729839605.375000	0.028962	0.031331
3729839605.814000	0.026952	0.030957
3729839606.259000	0.030713	0.032639
3729839606.691000	0.025764	0.031765
3729839607.126000	0.031008	0.028978
3729839607.563000	0.026237	0.030652
3729839608.007000	0.030751	0.034201
3729839608.446000	0.028875	0.027843
3729839608.887000	0.032432	0.029283
3729839609.334000	0.029005	0.029103
3729839609.782000	0.032382	0.031872
3729839610.220000	0.029456	0.031001
3729839610.665000	0.029912	0.030274
3729839611.104000	0.028916	0.031337
3729839611.539000	0.029848	0.031548
3729839611.977000	0.032188	0.033134
3729839612.420000	0.033361	0.030740
3729839612.858000	0.028963	0.032664
3729839613.300000	0.030624	0.032124
3729839613.739000	0.031977	0.031356
3729839614.179000	0.029992	0.030777
3729839614.620000	0.033462	0.031153
3729839615.066000	0.029124	0.030079
3729839615.505000	0.029517	0.031578
3729839615.951000	0.030986	0.033428
3729839616.390000	0.032926	0.031892
3729839616.834000	0.029925	0.030926
3729839617.275000	0.030146	0.030697
3729839617.717000	0.029605	0.031829
3729839618.161000	0.032752	0.031833
3729839618.601000	0.030947	0.027826
3729839619.040000	0.032876	0.029775
3729839619.477000	0.029856	0.032238
3729839619.915000	0.031436	0.030731
3729839620.358000	0.028797	0.030826
3729839620.796000	0.029828	0.029354
3729839621.234000	0.031187	0.030976
3729839621.660000	0.028108	0.030933
3729839622.091000	0.029574	0.028651
3729839622.532000	0.032292	0.031742
3729839622.969000	0.032047	0.029809
3729839623.407000	0.033683	0.032414
3729839623.845000	0.030968	0.029849
3729839624.283000	0.029045	0.029599
3729839624.721000	0.031141	0.029827
3729839625.155000	0.029119	0.030327
3729839625.594000	0.031987	0.030667
3729839626.035000	0.029459	0.030490
3729839626.474000	0.030003	0.031383
3729839626.917000	0.028582	0.029527
3729839627.355000	0.031186	0.026336
3729839627.793000	0.028578	0.030671
3729839628.231000	0.032322	0.027954
3729839628.670000	0.031006	0.030923
3729839629.113000	0.031180	0.028986
3729839629.552000	0.031245	0.029166
3729839629.991000	0.029217	0.029459
3729839630.431000	0.032297	0.028974
3729839630.869000	0.030296	0.029092
3729839631.316000	0.029004	0.031251
3729839631.749000	0.031388	0.027607
3729839632.185000	0.027996	0.030860
3729839632.622000	0.029845	0.027638
3729839633.053000	0.030418	0.028798
3729839633.500000	0.027442	0.030281
3729839633.938000	0.029110	0.028585
3729839634.377000	0.029584	0.028489
3729839634.816000	0.029853	0.032910
3729839635.254000	0.026190	0.026672
3729839635.695000	0.028615	0.030724
3729839636.130000	0.029462	0.028281
3729839636.569000	0.032218	0.027445
3729839637.006000	0.031263	0.030454
3729839637.446000	0.029268	0.027572
3729839637.889000	0.032281	0.031579
3729839638.328000	0.027922	0.027153
3729839638.767000	0.028486	0.086522
3729839639.205000	0.035830	0.137393
3729839639.647000	0.029124	0.132199
3729839640.097000	0.032556	0.126828
3729839640.537000	0.031766	0.128143
3729839640.976000	0.032767	0.129928
3729839641.415000	0.030985	0.125243
3729839641.847000	0.033088	0.128441
3729839642.280000	0.031748	0.125704
3729839642.716000	0.032445	0.127268
3729839643.157000	0.031864	0.132463
3729839643.595000	0.034254	0.128451
3729839644.036000	0.032860	0.126649
3729839644.479000	0.034673	0.130021
3729839644.917000	0.033435	0.127006
3729839645.355000	0.032565	0.125639
3729839645.787000	0.031294	0.128039
3729839646.224000	0.032705	0.126806
3729839646.667000	0.034410	0.128386
3729839647.103000	0.031790	0.127783
3729839647.540000	0.032857	0.127013
3729839647.978000	0.032370	0.127442
3729839648.418000	0.034652	0.128598
3729839648.856000	0.032281	0.130226
3729839649.295000	0.033545	0.129140
3729839649.726000	0.034546	0.132624
3729839650.161000	0.034843	0.132410
3729839650.601000	0.035532	0.130820
3729839651.045000	0.034321	0.129656
3729839651.483000	0.035034	0.130254
3729839651.921000	0.032998	0.131609
3729839652.360000	0.033854	0.150353
3729839652.795000	0.038337	0.151115
3729839653.232000	0.036573	0.148339
3729839653.671000	0.032834	0.156275
3729839654.109000	0.034805	0.152881
3729839654.547000	0.037607	0.153339
3729839654.986000	0.039658	0.152332
3729839655.432000	0.037506	0.151236
3729839655.873000	0.036006	0.150993
3729839656.312000	0.034500	0.149973
3729839656.744000	0.037029	0.150464
3729839657.179000	0.036368	0.150775
3729839657.620000	0.038443	0.153784
3729839658.062000	0.038469	0.152681
3729839658.499000	0.037293	0.151287
3729839658.938000	0.042644	0.151945
3729839659.376000	0.038130	0.149094
3729839659.820000	0.036368	0.151173
3729839660.259000	0.039530	0.156822
3729839660.697000	0.039506	0.158268
3729839661.136000	0.041248	0.157435
3729839661.574000	0.039345	0.161858
3729839662.013000	0.040727	0.166393
3729839662.446000	0.039864	0.164691
3729839662.882000	0.032245	0.165816
3729839663.321000	0.030619	0.165013
3729839663.757000	0.030915	0.180184
3729839664.201000	0.028391	0.201263
3729839664.642000	0.028769	0.200021
3729839665.084000	0.031539	0.192423
3729839665.522000	0.033193	0.194950
3729839665.962000	0.033446	0.194884
3729839666.403000	0.037788	0.197086
3729839666.845000	0.034668	0.192444
3729839667.281000	0.032148	0.190116
3729839667.713000	0.031928	0.192682
3729839668.149000	0.032775	0.190197
3729839668.600000	0.034266	0.189343
3729839669.038000	0.034709	0.192432
3729839669.477000	0.034163	0.192152
3729839669.915000	0.035234	0.191934
3729839670.355000	0.034572	0.190947
3729839670.793000	0.036907	0.192456
3729839671.231000	0.038301	0.195327
3729839671.670000	0.038207	0.201888
3729839672.108000	0.037528	0.203419
3729839672.541000	0.031735	0.207063
3729839672.980000	0.034022	0.216259
3729839673.419000	0.035664	0.194178
3729839673.850000	0.031627	0.196486
3729839674.289000	0.034340	0.212215
3729839674.726000	0.034975	0.223671
3729839675.162000	0.035150	0.224884
3729839675.604000	0.037565	0.224040
3729839676.042000	0.034096	0.266990
3729839676.481000	0.035124	0.307715
3729839676.923000	0.041119	0.303302
3729839677.357000	0.036134	0.302646
3729839677.791000	0.036339	0.301641
3729839678.230000	0.039231	0.299692
3729839678.669000	0.037970	0.298503
3729839679.107000	0.034633	0.301151
3729839679.546000	0.040286	0.297534
3729839679.984000	0.037464	0.301332
3729839680.423000	0.036064	0.298915
3729839680.862000	0.035473	0.300960
3729839681.303000	0.036672	0.310855
3729839681.746000	0.036704	0.325980
3729839682.183000	0.037007	0.319737
3729839682.619000	0.037465	0.320703
3729839683.054000	0.039490	0.316051
3729839683.493000	0.034986	0.314340
3729839683.934000	0.039186	0.315318
3729839684.373000	0.040663	0.313046
3729839684.812000	0.036933	0.312091
3729839685.251000	0.036620	0.312122
3729839685.690000	0.038881	0.316476
3729839686.134000	0.041252	0.318021
3729839686.573000	0.038124	0.314094
3729839687.012000	0.039230	0.316102
3729839687.441000	0.037102	0.318973
3729839687.873000	0.041629	0.319181
3729839688.311000	0.041294	0.335791
3729839688.748000	0.041100	0.334559
3729839689.187000	0.041429	0.329513
3729839689.628000	0.038880	0.333520
3729839690.067000	0.038977	0.352565
3729839690.511000	0.042537	0.357421
3729839690.950000	0.040213	0.354878
3729839691.389000	0.039143	0.354874
3729839691.828000	0.041278	0.353066
3729839692.255000	0.037737	0.355451
3729839692.682000	0.039232	0.352305
3729839693.119000	0.036035	0.353474
3729839693.558000	0.038824	0.352813
3729839694.000000	0.040072	0.352900
3729839694.438000	0.036945	0.358350
3729839694.884000	0.040559	0.361542
3729839695.323000	0.040199	0.357465
3729839695.758000	0.037631	0.352591
3729839696.197000	0.035295	0.354692
3729839696.635000	0.042486	0.381597
3729839697.071000	0.040714	0.394558
3729839697.510000	0.041869	0.395118
3729839697.949000	0.041629	0.397300
3729839698.387000	0.041783	0.395194
3729839698.826000	0.039204	0.419941
3729839699.277000	0.040141	0.409892
3729839699.714000	0.041250	0.408949
3729839700.152000	0.041721	0.406169
3729839700.591000	0.042821	0.406156
3729839701.030000	0.041593	0.405838
3729839701.461000	0.041502	0.407010
3729839701.896000	0.042984	0.402648
3729839702.337000	0.043348	0.407545
3729839702.768000	0.040909	0.408302
3729839703.202000	0.040918	0.405192
3729839703.645000	0.042309	0.406843
3729839704.088000	0.041676	0.430385
3729839704.530000	0.041588	0.444695
3729839704.970000	0.044251	0.463923
3729839705.410000	0.044874	0.494059
3729839705.851000	0.044936	0.482455
3729839706.290000	0.046673	0.478406
3729839706.730000	0.045014	0.484409
3729839707.166000	0.044555	0.482370
3729839707.605000	0.045011	0.475433
3729839708.044000	0.044781	0.476491
3729839708.483000	0.043696	0.477388
3729839708.922000	0.043047	0.478510
3729839709.360000	0.043340	0.474944
3729839709.799000	0.044735	0.492753
3729839710.240000	0.041200	0.496328
3729839710.679000	0.043093	0.496186
3729839711.120000	0.043484	0.495440
3729839711.560000	0.043383	0.514213
3729839712.004000	0.046153	0.521409
3729839712.446000	0.046951	0.530905
3729839712.883000	0.041912	0.529725
3729839713.321000	0.047413	0.527788
3729839713.760000	0.048472	0.547227
3729839714.199000	0.048690	0.578036
3729839714.638000	0.044643	0.577856
3729839715.074000	0.043648	0.595256
3729839715.511000	0.047278	0.588339
3729839715.950000	0.047855	0.590981
3729839716.389000	0.045970	0.589222
3729839716.827000	0.047998	0.592313
3729839717.267000	0.044979	0.588132
3729839717.705000	0.044640	0.584093
3729839718.145000	0.044731	0.586353
3729839718.585000	0.045293	0.584350
3729839719.026000	0.046803	0.587920
3729839719.465000	0.044174	0.584428
3729839719.906000	0.045652	0.586114
3729839720.346000	0.047669	0.584714
3729839720.787000	0.046182	0.581995
3729839721.231000	0.044980	0.583360
3729839721.669000	0.045704	0.587092
3729839722.108000	0.043547	0.581283
3729839722.547000	0.043748	0.588480
3729839722.986000	0.040956	0.585942
3729839723.425000	0.042906	0.591311
3729839723.863000	0.044245	0.585458
3729839724.302000	0.042817	0.590024
3729839724.738000	0.043409	0.592896
3729839725.176000	0.043402	0.605239
3729839725.622000	0.044649	0.631246
3729839726.062000	0.049413	0.643940
3729839726.502000	0.047533	0.642742
3729839726.940000	0.045844	0.653156
3729839727.379000	0.048203	0.641843
3729839727.818000	0.047867	0.637679
3729839728.254000	0.048227	0.643230
3729839728.688000	0.045444	0.643192
3729839729.126000	0.044098	0.642017
3729839729.565000	0.047229	0.642369
3729839730.010000	0.049337	0.648720
3729839730.449000	0.044915	0.635564
3729839730.886000	0.049589	0.638171
3729839731.324000	0.047910	0.640470
3729839731.763000	0.046084	0.644241
3729839732.202000	0.045998	0.671069
3729839732.640000	0.048597	0.711302
3729839733.076000	0.047939	0.711388
3729839733.513000	0.053455	0.713494
3729839733.951000	0.047710	0.710682
3729839734.389000	0.045651	0.711503
3729839734.828000	0.047637	0.737906
3729839735.266000	0.049655	0.751420
3729839735.705000	0.048901	0.748789
3729839736.143000	0.050160	0.752858
3729839736.585000	0.047749	0.755909
3729839737.026000	0.051732	0.753362
3729839737.468000	0.049123	0.746249
3729839737.906000	0.051378	0.749888
3729839738.345000	0.050933	0.750051
3729839738.784000	0.051245	0.750213
3729839739.219000	0.049453	0.753012
3729839739.662000	0.049698	0.750168
3729839740.102000	0.052675	0.746545
3729839740.541000	0.048671	0.752713
3729839740.980000	0.047447	0.747891
3729839741.417000	0.049907	0.740823
3729839741.856000	0.048461	0.752953
3729839742.295000	0.051382	0.752654
3729839742.732000	0.047809	0.749216
3729839743.168000	0.049122	0.754922
3729839743.607000	0.053190	0.745133
3729839744.045000	0.051579	0.754144
3729839744.484000	0.052631	0.798850
3729839744.922000	0.051722	0.813895
3729839745.368000	0.051459	0.816377
3729839745.810000	0.053043	0.830955
3729839746.249000	0.053336	0.848537
3729839746.691000	0.054754	0.842190
3729839747.130000	0.050629	0.864701
3729839747.574000	0.053418	0.873836
3729839748.012000	0.056029	0.866048
3729839748.452000	0.055408	0.859355
3729839748.890000	0.055099	0.854718
3729839749.329000	0.052434	0.851535
3729839749.763000	0.054044	0.866006
3729839750.199000	0.055042	0.855135
3729839750.632000	0.055984	0.859202
3729839751.067000	0.053672	0.868962
3729839751.506000	0.053659	0.867463
3729839751.944000	0.053014	0.860275
3729839752.384000	0.052619	0.861113
3729839752.823000	0.053446	0.858808
3729839753.262000	0.055087	0.870669
3729839753.700000	0.051566	0.852856
3729839754.135000	0.052837	0.871360
3729839754.574000	0.052606	0.876298
3729839755.013000	0.052312	0.873560
3729839755.451000	0.054600	0.874857
3729839755.891000	0.055570	0.900921
3729839756.340000	0.053088	0.910012
3729839756.772000	0.053597	0.916248
3729839757.207000	0.055145	0.896187
3729839757.649000	0.056235	0.932740
3729839758.091000	0.054635	0.930390
3729839758.533000	0.052659	0.926484
3729839758.972000	0.056318	0.936024
3729839759.411000	0.056934	0.939194
3729839759.851000	0.054138	0.971618
3729839760.290000	0.055698	0.990301
3729839760.729000	0.058584	0.969542
3729839761.168000	0.057868	0.991278
3729839761.607000	0.053676	0.973898
3729839762.046000	0.058703	0.986548
3729839762.485000	0.056482	0.978930
3729839762.923000	0.059225	0.987312
3729839763.353000	0.058803	0.977801
3729839763.787000	0.057444	0.977419
3729839764.226000	0.054035	0.977444
3729839764.665000	0.053049	0.987297
3729839765.111000	0.059428	0.986695
3729839765.551000	0.057906	0.988047
3729839765.990000	0.056862	0.976028
3729839766.429000	0.053252	0.979032
3729839766.870000	0.056127	0.978362
3729839767.311000	0.055647	0.972487
3729839767.750000	0.054392	0.981307
3729839768.187000	0.056393	0.974555
3729839768.628000	0.052590	0.973497
3729839769.066000	0.057175	0.974994
3729839769.505000	0.052916	0.976484
3729839769.938000	0.055442	0.965866
3729839770.375000	0.058719	0.973418
3729839770.807000	0.056213	0.977615
3729839771.242000	0.055824	0.981587
3729839771.684000	0.056593	0.979879
3729839772.125000	0.056264	0.979475
3729839772.566000	0.058966	0.978148
3729839773.005000	0.055857	0.980125
3729839773.435000	0.058502	0.983112
3729839773.873000	0.056553	0.990093
3729839774.315000	0.057498	0.979721
3729839774.753000	0.056744	0.964690
3729839775.192000	0.057195	0.975412
3729839775.631000	0.058956	1.011534
3729839776.073000	0.060061	1.018298
3729839776.512000	0.058606	1.006944
3729839776.952000	0.057538	1.008945
3729839777.391000	0.060627	1.020219
3729839777.829000	0.058108	1.029567
3729839778.276000	0.056023	1.050760
3729839778.712000	0.062572	1.071466
3729839779.153000	0.057658	1.058516
3729839779.592000	0.058204	1.058407
3729839780.031000	0.061088	1.069335
3729839780.470000	0.057124	1.061582
3729839780.909000	0.060327	1.066681
3729839781.350000	0.060124	1.063484
3729839781.783000	0.052147	1.067285
3729839782.219000	0.058176	1.062531
3729839782.665000	0.056600	1.056851
3729839783.106000	0.057922	1.059074
3729839783.540000	0.056800	1.063877
3729839783.977000	0.056567	1.072527
3729839784.416000	0.053675	1.074108
3729839784.855000	0.055974	1.072579
3729839785.294000	0.057296	1.093641
3729839785.733000	0.056922	1.132406
3729839786.175000	0.058701	1.139883
3729839786.617000	0.055859	1.143582
3729839787.058000	0.059722	1.167084
3729839787.497000	0.056611	1.168672
3729839787.936000	0.056923	1.171479
3729839788.376000	0.055316	1.173213
3729839788.807000	0.058215	1.176436
3729839789.243000	0.058291	1.182460
3729839789.683000	0.058956	1.180343
3729839790.120000	0.057147	1.171782
3729839790.562000	0.061661	1.157995
3729839791.001000	0.056639	1.163550
3729839791.447000	0.060491	1.168321
3729839791.886000	0.059631	1.174043
3729839792.325000	0.060801	1.172999
3729839792.759000	0.061597	1.179916
3729839793.195000	0.062446	1.171607
3729839793.634000	0.058120	1.180951
3729839794.074000	0.061855	1.163079
3729839794.512000	0.059745	1.181402
3729839794.951000	0.058963	1.175198
3729839795.390000	0.061667	1.190508
3729839795.829000	0.061484	1.201383
3729839796.276000	0.060964	1.210277
3729839796.715000	0.061535	1.195827
3729839797.157000	0.060106	1.205659
3729839797.596000	0.061988	1.222597
3729839798.035000	0.064577	1.246674
3729839798.475000	0.062006	1.230048
3729839798.914000	0.059793	1.264736
3729839799.352000	0.062595	1.271260
3729839799.782000	0.065301	1.273020
3729839800.222000	0.062293	1.268580
3729839800.661000	0.066446	1.282314
3729839801.099000	0.065010	1.276497
3729839801.537000	0.064219	1.274343
3729839801.977000	0.064730	1.272134
3729839802.416000	0.064179	1.269062
3729839802.848000	0.066803	1.271000
3729839803.280000	0.062284	1.273070
3729839803.715000	0.061571	1.267997
3729839804.153000	0.063195	1.271444
3729839804.596000	0.065761	1.265522
3729839805.036000	0.065569	1.270995
3729839805.476000	0.065123	1.264952
3729839805.912000	0.067947	1.269204
3729839806.352000	0.060789	1.264598
3729839806.788000	0.062311	1.265141
3729839807.224000	0.069058	1.264398
3729839807.664000	0.065989	1.265235
3729839808.097000	0.063782	1.266505
3729839808.535000	0.067903	1.271341
3729839808.977000	0.063925	1.278207
3729839809.417000	0.064912	1.258586
3729839809.856000	0.067845	1.255087
3729839810.294000	0.062629	1.267457
3729839810.733000	0.059860	1.282991
3729839811.172000	0.066546	1.282282
3729839811.612000	0.068379	1.308969
3729839812.058000	0.067814	1.329787
3729839812.499000	0.068541	1.340400
3729839812.934000	0.067918	1.354701
3729839813.364000	0.068035	1.369516
3729839813.794000	0.070796	1.364365
3729839814.230000	0.067690	1.359440
3729839814.669000	0.069600	1.374875
3729839815.107000	0.065128	1.370562
3729839815.546000	0.071420	1.371283
3729839815.985000	0.070189	1.364898
3729839816.423000	0.067486	1.356140
3729839816.863000	0.068920	1.359736
3729839817.302000	0.067281	1.363562
3729839817.738000	0.069308	1.354016
3729839818.175000	0.067600	1.369099
3729839818.616000	0.068422	1.362929
3729839819.047000	0.069337	1.368971
3729839819.481000	0.071086	1.372378
3729839819.920000	0.067474	1.364814
3729839820.358000	0.068523	1.376983
3729839820.795000	0.067335	1.374893
3729839821.231000	0.069256	1.365611
3729839821.670000	0.068355	1.370459
3729839822.108000	0.067051	1.374967
3729839822.547000	0.067786	1.377276
3729839822.987000	0.066554	1.372186
3729839823.419000	0.066169	1.368959
3729839823.855000	0.067584	1.372120
3729839824.291000	0.066976	1.376610
3729839824.730000	0.069866	1.378250
3729839825.169000	0.065828	1.370937
3729839825.608000	0.065881	1.379571
3729839826.047000	0.067120	1.376164
3729839826.485000	0.067219	1.369719
3729839826.924000	0.068589	1.361993
3729839827.363000	0.069951	1.356715
3729839827.796000	0.068056	1.367962
3729839828.232000	0.065425	1.373864
3729839828.670000	0.068830	1.375778
3729839829.107000	0.070312	1.378340
3729839829.544000	0.069511	1.364846
3729839829.981000	0.069749	1.367721
3729839830.420000	0.070539	1.364587
3729839830.868000	0.065411	1.360391
3729839831.307000	0.067001	1.361555
3729839831.750000	0.070465	1.353977
3729839832.189000	0.067183	1.370923
3729839832.627000	0.068453	1.365037
3729839833.067000	0.065280	1.364789
3729839833.500000	0.067116	1.352312
3729839833.936000	0.066963	1.344618
3729839834.374000	0.067334	1.347384
3729839834.814000	0.069208	1.349750
3729839835.253000	0.067447	1.350337
3729839835.692000	0.065319	1.354192
3729839836.132000	0.065355	1.355140
3729839836.571000	0.064458	1.356860
3729839837.008000	0.068618	1.346071
3729839837.447000	0.063860	1.372877
3729839837.886000	0.070551	1.376774
3729839838.325000	0.068014	1.373700
3729839838.764000	0.064015	1.381340
3729839839.193000	0.069130	1.392254
3729839839.617000	0.068502	1.409031
3729839840.044000	0.069765	1.428059
3729839840.478000	0.067945	1.428579
3729839840.918000	0.071664	1.426769
3729839841.356000	0.067936	1.435118
3729839841.797000	0.067551	1.430143
3729839842.232000	0.066737	1.432173
3729839842.666000	0.063734	1.425951
3729839843.103000	0.065874	1.431329
3729839843.541000	0.063843	1.447320
3729839843.981000	0.065251	1.433397
3729839844.420000	0.065972	1.437259
3729839844.852000	0.067473	1.438992
3729839845.289000	0.067141	1.428026
3729839845.727000	0.069858	1.444856
3729839846.167000	0.068975	1.445762
3729839846.608000	0.065216	1.441096
3729839847.047000	0.069597	1.440630
3729839847.486000	0.067379	1.448357
3729839847.923000	0.067900	1.436638
3729839848.348000	0.069034	1.456702
3729839848.780000	0.068504	1.478319
3729839849.218000	0.072598	1.518646
3729839849.657000	0.072154	1.528806
3729839850.096000	0.072147	1.548305
3729839850.536000	0.072971	1.568264
3729839850.977000	0.072971	1.559307
3729839851.416000	0.070703	1.555910
3729839851.855000	0.075941	1.562500
3729839852.294000	0.072778	1.545743
3729839852.728000	0.073229	1.544799
3729839853.157000	0.073241	1.554076
3729839853.594000	0.070441	1.549104
3729839854.025000	0.070529	1.544327
3729839854.452000	0.071317	1.551380
3729839854.887000	0.073298	1.544983
3729839855.326000	0.075390	1.550758
3729839855.765000	0.073486	1.541255
3729839856.205000	0.071678	1.559520
3729839856.644000	0.073593	1.537811
3729839857.083000	0.071948	1.568165
3729839857.524000	0.075255	1.579534
3729839857.965000	0.072261	1.585884
3729839858.407000	0.077152	1.601230
3729839858.851000	0.071703	1.610875
3729839859.291000	0.076008	1.644547
3729839859.727000	0.071671	1.654708
3729839860.164000	0.075879	1.641007
3729839860.608000	0.077848	1.646405
3729839861.047000	0.076674	1.641193
3729839861.486000	0.076276	1.646308
3729839861.923000	0.073972	1.633285
3729839862.363000	0.074947	1.645969
3729839862.795000	0.079181	1.648117
3729839863.230000	0.076875	1.654243
3729839863.672000	0.078745	1.644683
3729839864.110000	0.073948	1.622993
3729839864.550000	0.076599	1.651206
3729839864.991000	0.076326	1.646495
3729839865.434000	0.078065	1.641703
3729839865.873000	0.074754	1.633603
3729839866.311000	0.075423	1.642674
3729839866.750000	0.078818	1.645783
3729839867.188000	0.075609	1.611100
3729839867.628000	0.078268	1.651149
3729839868.067000	0.077549	1.755912
3729839868.506000	0.080927	1.770726
3729839868.945000	0.078444	1.755066
3729839869.384000	0.080469	1.769071
3729839869.822000	0.081481	1.768149
3729839870.260000	0.080035	1.760136
3729839870.700000	0.078639	1.787821
3729839871.138000	0.081435	1.778529
3729839871.576000	0.078841	1.790918
3729839872.015000	0.080627	1.776460
3729839872.454000	0.079914	1.764549
3729839872.892000	0.078320	1.778563
3729839873.330000	0.076066	1.793027
3729839873.766000	0.077584	1.767622
3729839874.200000	0.079409	1.765736
3729839874.642000	0.080793	1.771967
3729839875.081000	0.078345	1.752355
3729839875.520000	0.078438	1.760123
3729839875.959000	0.079143	1.755183
3729839876.400000	0.077586	1.785577
3729839876.834000	0.080214	1.773499
3729839877.270000	0.079568	1.784194
3729839877.711000	0.081819	1.838958
3729839878.157000	0.079131	1.862802
3729839878.596000	0.081787	1.886277
3729839879.036000	0.079822	1.892961
3729839879.475000	0.083248	1.904036
3729839879.916000	0.079316	1.914679
3729839880.354000	0.084730	1.900743
3729839880.782000	0.080352	1.892735
3729839881.216000	0.081909	1.879631
3729839881.655000	0.078288	1.909215
3729839882.096000	0.084806	1.895290
3729839882.536000	0.080294	1.889715
3729839882.976000	0.079834	1.889287
3729839883.416000	0.084719	1.887187
3729839883.849000	0.083224	1.903457
3729839884.284000	0.080582	1.895640
3729839884.725000	0.080742	1.885037
3729839885.164000	0.079790	1.880095
3729839885.606000	0.081102	1.891373
3729839886.043000	0.082904	1.879465
3729839886.479000	0.081453	1.879713
3729839886.917000	0.081844	1.870714
3729839887.356000	0.084239	1.887999
3729839887.795000	0.085777	1.868709
3729839888.233000	0.082455	1.899836
3729839888.672000	0.084397	1.959007
3729839889.110000	0.087911	2.014853
3729839889.555000	0.087054	2.020690
3729839889.996000	0.085788	2.023603
3729839890.433000	0.087985	2.006047
3729839890.864000	0.088760	1.989732
3729839891.299000	0.088760	2.000607
3729839891.737000	0.086525	1.997191
3729839892.176000	0.085038	1.978504
3729839892.618000	0.087653	2.015760
3729839893.057000	0.090394	2.003703
3729839893.498000	0.086696	1.991710
3729839893.931000	0.085994	1.995420
3729839894.362000	0.083557	2.024060
3729839894.799000	0.085739	2.024312
3729839895.238000	0.085032	1.992749
3729839895.679000	0.085259	2.000838
3729839896.121000	0.084037	1.984677
3729839896.565000	0.086022	1.989037
3729839897.003000	0.084946	2.001537
3729839897.431000	0.088662	2.016402
3729839897.853000	0.087354	2.001716
3729839898.276000	0.087290	1.993982
3729839898.699000	0.090614	1.994667
3729839899.122000	0.086094	2.039264
3729839899.603000	0.129402	1.992155
3729839900.029000	0.089587	2.020007
3729839900.795000	0.088535	2.023089
3729839901.230000	0.126140	1.946069
3729839901.654000	0.109607	2.006320
3729839902.078000	0.110748	2.010962
3729839902.500000	0.087261	2.015431
3729839902.923000	0.089612	1.991289
3729839903.346000	0.087230	1.999920
3729839903.769000	0.088238	2.012110
3729839904.191000	0.088621	2.013113
3729839904.615000	0.085206	2.000268
3729839905.037000	0.086286	1.993391
3729839905.460000	0.092340	2.006887
3729839905.884000	0.089353	2.008030
3729839906.306000	0.085042	2.013849
3729839906.730000	0.085501	2.003309
3729839907.152000	0.087854	2.012924
3729839907.575000	0.084589	2.013393
3729839907.998000	0.081697	2.025268
3729839908.421000	0.083280	2.027249
3729839908.844000	0.085754	2.015397
3729839909.269000	0.105961	1.982120
3729839909.724000	0.133307	2.012380
3729839910.159000	0.087000	2.024869
3729839910.600000	0.084503	2.013670
3729839911.038000	0.085902	2.022377
3729839911.474000	0.085533	2.015119
3729839911.914000	0.086862	2.021765
3729839912.357000	0.084779	2.030352
3729839912.795000	0.087373	2.012677
3729839913.237000	0.085655	2.004202
3729839913.671000	0.084285	2.023969
3729839914.110000	0.089582	2.022105
3729839914.547000	0.086121	2.024000
3729839914.986000	0.086243	2.006225
3729839915.424000	0.089303	2.001813
3729839915.858000	0.086958	1.995383
3729839916.296000	0.086430	2.008415
3729839916.735000	0.086493	2.003640
3729839917.168000	0.087065	2.051578
3729839917.605000	0.088288	2.075710
3729839918.044000	0.093822	2.075771
3729839918.493000	0.091932	2.078684
3729839918.931000	0.087180	2.073057
3729839919.370000	0.088942	2.077052
3729839919.810000	0.091757	2.070318
3729839920.239000	0.090877	2.076632
3729839920.674000	0.089606	2.068359
3729839921.113000	0.086587	2.074664
3729839921.552000	0.089829	2.057079
3729839921.990000	0.089013	2.069381
3729839922.424000	0.084045	2.059021
3729839922.860000	0.088960	2.049616
3729839923.300000	0.086429	2.056435
3729839923.738000	0.088340	2.072631
3729839924.172000	0.090175	2.090029
3729839924.611000	0.091028	2.095001
3729839925.050000	0.092078	2.153676
3729839925.488000	0.090903	2.159741
3729839925.928000	0.091305	2.176273
3729839926.366000	0.091058	2.173261
3729839926.806000	0.091391	2.173726
3729839927.245000	0.089151	2.172109
3729839927.684000	0.091252	2.175387
3729839928.123000	0.098470	2.165009
3729839928.562000	0.093896	2.169570
3729839929.001000	0.092319	2.175702
3729839929.443000	0.096204	2.175429
3729839929.880000	0.091575	2.172515
3729839930.314000	0.093646	2.184161
3729839930.749000	0.092079	2.192511
3729839931.188000	0.096478	2.184861
3729839931.624000	0.093387	2.176528
3729839932.064000	0.095411	2.181173
3729839932.502000	0.090387	2.190884
3729839932.941000	0.089227	2.158391
3729839933.380000	0.092528	2.186063
3729839933.819000	0.091378	2.173505
3729839934.257000	0.089984	2.191382
3729839934.696000	0.093513	2.152284
3729839935.138000	0.092094	2.176379
3729839935.576000	0.088944	2.162159
3729839936.016000	0.091344	2.180334
3729839936.455000	0.092724	2.181640
3729839936.895000	0.091771	2.193258
3729839937.334000	0.092548	2.199607
3729839937.774000	0.092212	2.183862
3729839938.212000	0.091286	2.207556
3729839938.655000	0.093302	2.255087
3729839939.095000	0.093379	2.249865
3729839939.534000	0.094048	2.262374
3729839939.973000	0.092667	2.256064
3729839940.414000	0.096568	2.253621
3729839940.851000	0.091851	2.250847
3729839941.287000	0.092080	2.257195
3729839941.731000	0.094834	2.250819
3729839942.164000	0.096221	2.261991
3729839942.603000	0.093215	2.252819
3729839943.044000	0.091687	2.250479
3729839943.483000	0.089883	2.251588
3729839943.923000	0.089067	2.250686
3729839944.360000	0.094695	2.241686
3729839944.797000	0.090971	2.251786
3729839945.236000	0.092581	2.237473
3729839945.675000	0.095375	2.231850
3729839946.114000	0.092643	2.228563
3729839946.554000	0.094751	2.234933
3729839946.982000	0.093544	2.240079
3729839947.415000	0.093708	2.226865
3729839947.848000	0.093612	2.230964
3729839948.285000	0.093936	2.235612
3729839948.728000	0.092869	2.220712
3729839949.165000	0.095047	2.224003
3729839949.588000	0.096440	2.239584
3729839950.021000	0.096817	2.231253
3729839950.461000	0.092738	2.227492
3729839950.900000	0.093338	2.231694
3729839951.340000	0.092796	2.226659
3729839951.774000	0.091725	2.233800
3729839952.210000	0.094430	2.226348
3729839952.649000	0.093345	2.228156
3729839953.089000	0.095349	2.244702
3729839953.527000	0.090184	2.239049
3729839953.959000	0.091166	2.217908
3729839954.399000	0.092610	2.240190
3729839954.838000	0.089781	2.249110
3729839955.277000	0.092869	2.259039
3729839955.713000	0.095572	2.272613
3729839956.149000	0.094579	2.279555
3729839956.588000	0.092551	2.272732
3729839957.025000	0.094951	2.282639
3729839957.463000	0.092167	2.277933
3729839957.902000	0.096538	2.273832
3729839958.341000	0.089304	2.268421
3729839958.780000	0.094564	2.282113
3729839959.218000	0.097930	2.286784
3729839959.656000	0.094903	2.283306
3729839960.097000	0.093741	2.273474
3729839960.540000	0.091821	2.291437
3729839960.980000	0.092979	2.291040
3729839961.419000	0.091383	2.298302
3729839961.857000	0.093540	2.283107
3729839962.298000	0.091116	2.292607
3729839962.736000	0.090874	2.297634
3729839963.176000	0.092988	2.287281
3729839963.615000	0.090541	2.290083
3729839964.055000	0.094592	2.304411
3729839964.492000	0.094866	2.290364
3729839964.931000	0.092049	2.303930
3729839965.369000	0.093226	2.285782
3729839965.798000	0.091758	2.303066
3729839966.232000	0.090145	2.296552
3729839966.672000	0.091611	2.280060
3729839967.112000	0.093336	2.299336
3729839967.551000	0.095510	2.319414
3729839967.984000	0.092079	2.314787
3729839968.420000	0.093602	2.381287
3729839968.852000	0.093895	2.422255
3729839969.293000	0.096188	2.421506
3729839969.733000	0.094328	2.412912
3729839970.173000	0.095752	2.411549
3729839970.612000	0.094433	2.396459
3729839971.051000	0.098330	2.407439
3729839971.490000	0.098639	2.408800
3729839971.929000	0.096882	2.394365
3729839972.368000	0.093989	2.388329
3729839972.808000	0.095494	2.393531
3729839973.247000	0.095438	2.403567
3729839973.686000	0.096060	2.433758
3729839974.125000	0.099298	2.455602
3729839974.564000	0.095767	2.435114
3729839975.003000	0.100539	2.456357
3729839975.442000	0.100123	2.450634
3729839975.882000	0.097890	2.433665
3729839976.323000	0.099595	2.442649
3729839976.764000	0.098470	2.437636
3729839977.206000	0.100463	2.450470
3729839977.645000	0.100024	2.444262
3729839978.084000	0.099423	2.479274
3729839978.523000	0.100570	2.493628
3729839978.963000	0.099833	2.511950
3729839979.402000	0.099812	2.486758
3729839979.841000	0.098744	2.486306
3729839980.271000	0.099361	2.495301
3729839980.709000	0.100019	2.503698
3729839981.143000	0.099908	2.489479
3729839981.580000	0.102773	2.493183
3729839982.020000	0.101526	2.496505
3729839982.459000	0.104229	2.532543
3729839982.898000	0.100974	2.554555
3729839983.337000	0.101938	2.571597
3729839983.777000	0.102737	2.569679
3729839984.223000	0.104721	2.569986
3729839984.663000	0.105990	2.576773
3729839985.103000	0.104284	2.570569
3729839985.545000	0.103811	2.573052
3729839985.984000	0.103117	2.579961
3729839986.426000	0.104105	2.566638
3729839986.865000	0.102209	2.565692
3729839987.298000	0.102427	2.576313
3729839987.735000	0.102465	2.568308
3729839988.175000	0.101530	2.569694
3729839988.615000	0.101201	2.578089
3729839989.053000	0.104135	2.568407
3729839989.493000	0.103369	2.583151
3729839989.926000	0.104305	2.571109
3729839990.362000	0.102985	2.592836
3729839990.801000	0.104374	2.640933
3729839991.243000	0.105428	2.592311
3729839991.683000	0.104820	2.617178
3729839992.122000	0.104742	2.606378
3729839992.552000	0.104238	2.606788
3729839992.985000	0.103628	2.631520
3729839993.424000	0.103918	2.630854
3729839993.862000	0.102612	2.627665
3729839994.299000	0.104501	2.604107
3729839994.733000	0.101665	2.633993
3729839995.169000	0.104503	2.607940
3729839995.607000	0.105196	2.623775
3729839996.044000	0.102044	2.657801
3729839996.478000	0.104915	2.693175
3729839996.910000	0.111084	2.684471
3729839997.345000	0.103693	2.692238
3729839997.786000	0.105658	2.679518
3729839998.228000	0.108148	2.678235
3729839998.669000	0.107876	2.686850
3729839999.111000	0.105739	2.686536
3729839999.550000	0.104210	2.688861
3729839999.988000	0.108932	2.694550
3729840000.428000	0.103537	2.687450
3729840000.859000	0.107945	2.692243
3729840001.295000	0.110833	2.691884
3729840001.734000	0.105141	2.688608
3729840002.173000	0.108274	2.703177
3729840002.613000	0.106927	2.716115
3729840003.052000	0.107437	2.724333
3729840003.491000	0.109322	2.802712
3729840003.926000	0.111050	2.810475
3729840004.363000	0.109630	2.804938
3729840004.799000	0.112687	2.810430
3729840005.236000	0.111762	2.805297
3729840005.675000	0.108521	2.811479
3729840006.117000	0.107986	2.816972
3729840006.554000	0.113189	2.818102
3729840006.993000	0.111273	2.821370
3729840007.432000	0.109459	2.835824
3729840007.872000	0.112776	2.817894
3729840008.307000	0.110071	2.818590
3729840008.745000	0.110392	2.824447
3729840009.184000	0.110551	2.820620
3729840009.625000	0.109554	2.828108
3729840010.062000	0.108981	2.812032
3729840010.502000	0.112384	2.825647
3729840010.932000	0.111779	2.832372
3729840011.359000	0.112897	2.842821
3729840011.794000	0.110944	2.821973
3729840012.236000	0.107275	2.820761
3729840012.675000	0.111979	2.819115
3729840013.114000	0.110620	2.809700
3729840013.553000	0.113486	2.876606
3729840013.993000	0.111065	2.872115
3729840014.431000	0.113093	2.855119
3729840014.870000	0.114561	2.856681
3729840015.310000	0.113647	2.861383
3729840015.749000	0.114574	2.885905
3729840016.188000	0.115085	2.878801
3729840016.627000	0.114594	2.871664
3729840017.069000	0.111647	2.869740
3729840017.504000	0.110575	2.872644
3729840017.941000	0.112860	2.875286
3729840018.383000	0.112177	2.868576
3729840018.826000	0.110611	2.874618
3729840019.265000	0.109532	2.877329
3729840019.703000	0.109681	2.880380
3729840020.143000	0.110267	2.875327
3729840020.582000	0.110819	2.877123
3729840021.021000	0.110731	2.887140
3729840021.456000	0.113620	2.875367
3729840021.888000	0.113895	2.882947
3729840022.324000	0.110988	2.891612
3729840022.763000	0.109657	2.886197
3729840023.206000	0.108498	2.895484
3729840023.639000	0.108631	2.881614
3729840024.075000	0.110026	2.887396
3729840024.516000	0.113209	2.882719
3729840024.951000	0.108214	2.877790
3729840025.389000	0.108143	2.897292
3729840025.831000	0.109099	2.892315
3729840026.269000	0.108196	2.884799
3729840026.706000	0.108043	2.900891
3729840027.144000	0.109118	2.878771
3729840027.583000	0.108545	2.884535
3729840028.029000	0.111276	2.878630
3729840028.468000	0.109681	2.876884
3729840028.907000	0.113274	2.955107
3729840029.346000	0.114086	2.956689
3729840029.784000	0.115403	2.971748
3729840030.227000	0.112918	2.961093
3729840030.667000	0.111784	2.956897
3729840031.104000	0.115897	2.959854
3729840031.541000	0.115589	2.954467
3729840031.977000	0.113413	2.947158
3729840032.418000	0.115546	2.963725
3729840032.861000	0.112663	2.961909
3729840033.301000	0.112580	2.956414
3729840033.739000	0.113671	2.966872
3729840034.179000	0.117270	2.967328
3729840034.618000	0.113789	2.960352
3729840035.058000	0.114924	2.992128
3729840035.497000	0.119176	3.081397
3729840035.939000	0.119866	3.233894
3729840036.378000	0.123786	3.247704
3729840036.817000	0.123897	3.234820
3729840037.256000	0.125814	3.243146
3729840037.700000	0.126596	3.228045
3729840038.136000	0.123792	3.230180
3729840038.575000	0.126428	3.243081
3729840039.015000	0.126372	3.237560
3729840039.456000	0.124796	3.245480
3729840039.897000	0.127684	3.246568
3729840040.336000	0.125251	3.243744
3729840040.775000	0.124535	3.234782
3729840041.214000	0.126256	3.248054
3729840041.654000	0.126652	3.245510
3729840042.094000	0.123265	3.256907
3729840042.533000	0.124079	3.257078
3729840042.975000	0.122595	3.262890
3729840043.420000	0.128174	3.251624
3729840043.859000	0.126683	3.264004
3729840044.298000	0.123022	3.253334
3729840044.739000	0.126919	3.257100
3729840045.177000	0.124127	3.253136
3729840045.616000	0.126917	3.263374
3729840046.056000	0.124521	3.251891
3729840046.494000	0.123971	3.290749
3729840046.934000	0.129158	3.342452
3729840047.373000	0.129573	3.334556
3729840047.807000	0.128653	3.341848
3729840048.244000	0.128659	3.339756
3729840048.679000	0.128907	3.341970
3729840049.119000	0.128802	3.352222
3729840049.558000	0.126394	3.332319
3729840050.000000	0.128564	3.340881
3729840050.439000	0.129752	3.342565
3729840050.882000	0.128888	3.332256
3729840051.317000	0.128207	3.338414
3729840051.760000	0.127617	3.348653
3729840052.199000	0.127452	3.364457
3729840052.639000	0.128986	3.361426
3729840053.074000	0.128824	3.361020
3729840053.513000	0.129105	3.357231
3729840053.947000	0.128180	3.369691
3729840054.373000	0.128903	3.410882
3729840054.795000	0.132152	3.548146
3729840055.230000	0.134503	3.545197
3729840055.669000	0.131429	3.538020
3729840056.109000	0.136252	3.503287
3729840056.552000	0.136012	3.508071
3729840056.982000	0.135919	3.510379
3729840057.416000	0.137960	3.522926
3729840057.858000	0.133759	3.475078
3729840058.297000	0.132789	3.422958
3729840058.739000	0.133764	3.426701
3729840059.174000	0.132133	3.428585
3729840059.610000	0.131069	3.448349
3729840060.050000	0.133035	3.438362
3729840060.488000	0.132725	3.438898
3729840060.921000	0.131762	3.427971
3729840061.358000	0.133818	3.433486
3729840061.797000	0.130714	3.434397
3729840062.237000	0.132067	3.427102
3729840062.676000	0.131157	3.433195
3729840063.112000	0.132470	3.433009
3729840063.550000	0.133054	3.435953
3729840063.989000	0.132263	3.439328
3729840064.430000	0.130344	3.414067
3729840064.868000	0.134691	3.422980
3729840065.308000	0.136503	3.421898
3729840065.747000	0.135219	3.429837
3729840066.186000	0.133895	3.424947
3729840066.626000	0.132464	3.419979
3729840067.059000	0.132218	3.419433
3729840067.494000	0.133624	3.441769
3729840067.933000	0.136161	3.480779
3729840068.372000	0.135930	3.493238
3729840068.809000	0.134805	3.505873
3729840069.247000	0.133821	3.482247
3729840069.686000	0.138241	3.481043
3729840070.126000	0.134661	3.489699
3729840070.566000	0.136576	3.485953
3729840071.005000	0.137517	3.498905
3729840071.446000	0.136661	3.507213
3729840071.892000	0.139597	3.504291
3729840072.329000	0.135663	3.501028
3729840072.768000	0.138177	3.500512
3729840073.206000	0.134449	3.511918
3729840073.646000	0.134082	3.510146
3729840074.083000	0.133513	3.513389
3729840074.521000	0.132039	3.503163
3729840074.962000	0.137084	3.497751
3729840075.396000	0.137535	3.513940
3729840075.837000	0.136360	3.541734
3729840076.270000	0.136741	3.652138
3729840076.706000	0.140390	3.657238
3729840077.146000	0.140107	3.658175
3729840077.585000	0.143198	3.662710
3729840078.024000	0.140724	3.657933
3729840078.464000	0.141104	3.655524
3729840078.904000	0.142015	3.666248
3729840079.344000	0.139183	3.673362
3729840079.782000	0.142659	3.660791
3729840080.225000	0.139313	3.661382
3729840080.661000	0.141695	3.663154
3729840081.098000	0.140578	3.657084
3729840081.539000	0.139639	3.681490
3729840081.979000	0.139222	3.674996
3729840082.420000	0.136056	3.683644
3729840082.862000	0.140980	3.676714
3729840083.301000	0.136387	3.676660
3729840083.739000	0.140917	3.693257
3729840084.179000	0.137848	3.708329
3729840084.618000	0.139636	3.712974
3729840085.058000	0.139145	3.729712
3729840085.494000	0.138232	3.734427
3729840085.933000	0.139035	3.748988
3729840086.373000	0.140376	3.750236
3729840086.808000	0.143195	3.752078
3729840087.247000	0.143400	3.756418
3729840087.686000	0.143160	3.771445
3729840088.126000	0.141999	3.765976
3729840088.565000	0.140427	3.770212
3729840089.004000	0.143702	3.762796
3729840089.439000	0.144291	3.771630
3729840089.882000	0.142306	3.775005
3729840090.321000	0.140512	3.758903
3729840090.764000	0.141882	3.752716
3729840091.206000	0.140066	3.760469
3729840091.645000	0.142148	3.791118
3729840092.084000	0.145942	3.794787
3729840092.523000	0.145111	3.810960
3729840092.963000	0.144441	3.810633
3729840093.402000	0.147371	3.814208
3729840093.842000	0.148573	3.809734
3729840094.278000	0.145194	3.800814
3729840094.716000	0.147905	3.795289
3729840095.149000	0.147525	3.822359
3729840095.585000	0.146485	3.822544
3729840096.019000	0.144707	3.827331
3729840096.456000	0.148514	3.857663
3729840096.896000	0.148595	3.854616
3729840097.331000	0.147508	3.857574
3729840097.770000	0.147083	3.853214
3729840098.210000	0.150024	3.861144
3729840098.649000	0.149489	3.858273
3729840099.089000	0.144642	3.854638
3729840099.528000	0.146155	3.867449
3729840099.962000	0.143595	3.865793
3729840100.398000	0.145330	3.864812
3729840100.837000	0.147962	3.870676
3729840101.276000	0.145386	3.882691
3729840101.715000	0.146991	3.892715
3729840102.150000	0.149701	3.898351
3729840102.590000	0.149436	3.906178
3729840103.029000	0.152380	3.915119
3729840103.464000	0.149835	3.927406
3729840103.900000	0.150709	3.935024
3729840104.336000	0.152186	3.942265
3729840104.775000	0.149924	3.948515
3729840105.205000	0.149954	3.909754
3729840105.641000	0.150537	3.909365
3729840106.080000	0.151645	3.912709
3729840106.516000	0.148638	3.895832
3729840106.955000	0.150115	3.902066
3729840107.390000	0.150507	3.901949
3729840107.830000	0.149678	3.897893
3729840108.271000	0.146477	3.889306
3729840108.711000	0.149003	3.910439
3729840109.150000	0.147762	3.908965
3729840109.588000	0.148514	3.897364
3729840110.025000	0.148381	3.904517
3729840110.462000	0.146501	3.911716
3729840110.902000	0.148689	3.911293
3729840111.337000	0.150131	3.934360
3729840111.777000	0.151455	3.946236
3729840112.216000	0.152481	3.921398
3729840112.646000	0.153571	3.944361
3729840113.078000	0.150359	3.959246
3729840113.517000	0.151869	3.962486
3729840113.952000	0.150417	3.963523
3729840114.390000	0.152560	3.972711
3729840114.826000	0.153919	3.966571
3729840115.265000	0.151666	3.976478
3729840115.706000	0.152560	3.972046
3729840116.145000	0.152379	3.968426
3729840116.584000	0.154248	3.981765
3729840117.023000	0.151959	3.983689
3729840117.462000	0.153607	3.971241
3729840117.900000	0.154664	3.977753
3729840118.338000	0.153345	3.981415
3729840118.777000	0.154615	3.979197
3729840119.216000	0.154631	3.982471
3729840119.654000	0.151587	3.971844
3729840120.095000	0.151184	3.976366
3729840120.535000	0.151480	3.982539
3729840120.974000	0.150990	3.976434
3729840121.415000	0.153254	3.970108
3729840121.857000	0.152910	3.976392
3729840122.298000	0.152829	3.978745
3729840122.739000	0.153871	3.976085
3729840123.174000	0.155288	3.977277
3729840123.609000	0.152443	3.979929
3729840124.045000	0.149624	3.988450
3729840124.484000	0.151555	3.983709
3729840124.925000	0.153614	3.988214
3729840125.353000	0.153935	3.986991
3729840125.784000	0.154034	3.984444
3729840126.227000	0.150239	3.989751
3729840126.669000	0.153818	3.999585
3729840127.111000	0.154320	4.004580
3729840127.554000	0.153311	3.992176
3729840127.993000	0.150776	4.002305
3729840128.432000	0.152552	4.001406
3729840128.870000	0.150782	3.999626
3729840129.305000	0.153933	4.046428
3729840129.743000	0.157244	4.091217
3729840130.176000	0.159542	4.095936
3729840130.613000	0.157595	4.096545
3729840131.052000	0.156057	4.100579
3729840131.491000	0.157855	4.098685
3729840131.927000	0.157469	4.098031
3729840132.360000	0.158427	4.102772
3729840132.798000	0.159440	4.100711
3729840133.234000	0.157733	4.104083
3729840133.673000	0.156384	4.091253
3729840134.108000	0.156725	4.104985
3729840134.548000	0.156126	4.090943
3729840134.979000	0.153520	4.103132
3729840135.413000	0.157220	4.138830
3729840135.857000	0.159444	4.203685
3729840136.290000	0.161187	4.248512
3729840136.730000	0.165683	4.246782
3729840137.170000	0.160296	4.250596
3729840137.607000	0.165242	4.239849
3729840138.031000	0.163627	4.238916
3729840138.466000	0.163460	4.261828
3729840138.906000	0.163636	4.243723
3729840139.341000	0.163798	4.240328
3729840139.777000	0.161686	4.248136
3729840140.212000	0.165065	4.261727
3729840140.647000	0.164379	4.260992
3729840141.084000	0.162722	4.245786
3729840141.520000	0.160106	4.254609
3729840141.948000	0.163416	4.244158
3729840142.385000	0.158523	4.240065
3729840142.826000	0.162152	4.235303
3729840143.261000	0.162129	4.259023
3729840143.694000	0.163134	4.245193
3729840144.133000	0.159244	4.233668
3729840144.574000	0.159462	4.252976
3729840145.012000	0.159826	4.231438
3729840145.451000	0.162690	4.235044
3729840145.887000	0.160933	4.232984
3729840146.324000	0.157705	4.253836
3729840146.766000	0.160553	4.305712
3729840147.204000	0.167437	4.314357
3729840147.640000	0.168501	4.390930
3729840148.079000	0.174639	4.468919
3729840148.518000	0.176438	4.500359
3729840148.961000	0.174816	4.504246
3729840149.397000	0.173753	4.515291
3729840149.830000	0.174633	4.509830
3729840150.267000	0.175369	4.473212
3729840150.702000	0.178895	4.499758
3729840151.141000	0.175199	4.501516
3729840151.577000	0.179512	4.501299
3729840152.010000	0.179505	4.509650
3729840152.446000	0.178833	4.525036
3729840152.884000	0.177679	4.519323
3729840153.321000	0.175256	4.525658
3729840153.754000	0.176470	4.514302
3729840154.192000	0.175569	4.520310
3729840154.634000	0.181293	4.524681
3729840155.074000	0.177347	4.516877
3729840155.517000	0.177943	4.523775
3729840155.952000	0.176271	4.527812
3729840156.388000	0.176894	4.524020
3729840156.828000	0.180245	4.518228
3729840157.267000	0.177548	4.512710
3729840157.706000	0.179085	4.512903
3729840158.145000	0.178950	4.518013
3729840158.577000	0.177738	4.508998
3729840159.014000	0.176902	4.511904
3729840159.460000	0.177838	4.511494
3729840159.899000	0.177103	4.512354
3729840160.338000	0.178015	4.516637
3729840160.777000	0.175950	4.544131
3729840161.217000	0.178147	4.548708
3729840161.656000	0.175295	4.524623
3729840162.103000	0.179375	4.533951
3729840162.544000	0.178370	4.524138
3729840162.980000	0.178748	4.516648
3729840163.420000	0.175531	4.525465
3729840163.860000	0.178746	4.534029
3729840164.300000	0.177327	4.529273
3729840164.738000	0.174917	4.525410
3729840165.175000	0.177182	4.520250
3729840165.611000	0.178935	4.518714
3729840166.046000	0.177942	4.508708
3729840166.481000	0.179029	4.522202
3729840166.917000	0.177701	4.520430
3729840167.352000	0.179713	4.541307
3729840167.793000	0.176968	4.508620
3729840168.236000	0.179539	4.495772
3729840168.669000	0.180150	4.502066
3729840169.104000	0.180548	4.510006
3729840169.546000	0.179036	4.513609
3729840169.977000	0.178077	4.512054
3729840170.414000	0.180949	4.518154
3729840170.855000	0.179887	4.527010
3729840171.290000	0.179661	4.528348
3729840171.729000	0.178186	4.511897
3729840172.166000	0.179820	4.518823
3729840172.606000	0.177372	4.524857
3729840173.044000	0.177486	4.534910
3729840173.478000	0.179407	4.529203
3729840173.912000	0.177372	4.514106
3729840174.347000	0.177607	4.501075
3729840174.789000	0.178605	4.507410
3729840175.225000	0.177819	4.503455
3729840175.662000	0.175596	4.515864
3729840176.093000	0.175415	4.515050
3729840176.529000	0.177654	4.521553
3729840176.966000	0.177462	4.511294
3729840177.402000	0.177299	4.512578
3729840177.837000	0.178486	4.510098
3729840178.270000	0.179561	4.527170
3729840178.696000	0.176057	4.537876
3729840179.132000	0.177050	4.535056
3729840179.568000	0.174437	4.521807
3729840180.007000	0.177943	4.534705
3729840180.446000	0.179572	4.515077
3729840180.879000	0.174830	4.538521
3729840181.314000	0.176798	4.526966
3729840181.774000	0.175527	4.518243
3729840182.213000	0.177171	4.541006
3729840182.653000	0.174093	4.513762
3729840183.089000	0.175260	4.521100
3729840183.519000	0.181868	4.518769
3729840183.954000	0.179720	4.507755
3729840184.386000	0.178539	4.532841
