3729845723.232000	0.179192	2.593223
3729845723.674000	0.174697	2.595304
3729845724.109000	0.181067	2.613201
3729845724.545000	0.182208	2.596026
3729845724.974000	0.177528	2.614154
3729845725.408000	0.180486	2.585497
3729845725.840000	0.181603	2.588930
3729845726.276000	0.180286	2.609633
3729845726.714000	0.181304	2.607260
3729845727.150000	0.177584	2.617163
3729845727.581000	0.182227	2.629000
3729845728.016000	0.182029	2.607493
3729845728.446000	0.181928	2.616494
3729845728.884000	0.179089	2.612276
3729845729.326000	0.180854	2.621720
3729845729.761000	0.180919	2.615786
3729845730.200000	0.183410	2.660430
3729845730.640000	0.180391	2.632730
3729845731.081000	0.184972	2.653024
3729845731.516000	0.183928	2.653720
3729845731.956000	0.185552	2.654172
3729845732.392000	0.182124	2.661242
3729845732.829000	0.183995	2.654036
3729845733.265000	0.183889	2.675996
3729845733.707000	0.187737	2.698818
3729845734.143000	0.183868	2.717322
3729845734.572000	0.186042	2.692770
3729845735.009000	0.186974	2.729689
3729845735.447000	0.185849	2.715023
3729845735.888000	0.185165	2.721345
3729845736.328000	0.188247	2.711260
3729845736.763000	0.188434	2.749017
3729845737.204000	0.191828	2.752947
3729845737.640000	0.190869	2.811862
3729845738.075000	0.195894	2.805218
3729845738.512000	0.196605	2.844240
3729845738.950000	0.195829	2.847316
3729845739.386000	0.193473	2.820154
3729845739.825000	0.195518	2.840684
3729845740.262000	0.196876	2.832413
3729845740.704000	0.195639	2.862474
3729845741.139000	0.200981	2.917452
3729845741.572000	0.202796	2.929335
3729845742.006000	0.207851	2.955673
3729845742.433000	0.205963	2.954866
3729845742.867000	0.210862	2.929840
3729845743.304000	0.205640	2.968163
3729845743.742000	0.210307	2.966461
3729845744.178000	0.209431	3.023088
3729845744.613000	0.210311	3.060379
3729845745.049000	0.214896	3.061596
3729845745.485000	0.217407	3.096678
3729845745.911000	0.216637	3.082097
3729845746.342000	0.214768	3.093171
3729845746.777000	0.215754	3.102070
3729845747.213000	0.219106	3.080396
3729845747.646000	0.219350	3.097265
3729845748.082000	0.216381	3.110711
3729845748.517000	0.220543	3.122113
3729845748.953000	0.221524	3.148720
3729845749.385000	0.226222	3.213704
3729845749.819000	0.226364	3.241661
3729845750.256000	0.226272	3.281803
3729845750.694000	0.231992	3.286608
3729845751.130000	0.234949	3.346853
3729845751.568000	0.235979	3.359665
3729845752.005000	0.232825	3.342450
3729845752.446000	0.233938	3.343836
3729845752.883000	0.231155	3.356935
3729845753.324000	0.234373	3.356946
3729845753.759000	0.237577	3.361892
3729845754.195000	0.236127	3.382843
3729845754.634000	0.237567	3.413057
3729845755.076000	0.242405	3.439449
3729845755.512000	0.242162	3.481629
3729845755.949000	0.245101	3.499147
3729845756.388000	0.245506	3.521484
3729845756.824000	0.245755	3.495129
3729845757.258000	0.245489	3.514064
3729845757.697000	0.247473	3.515551
3729845758.138000	0.245118	3.552913
3729845758.575000	0.247139	3.583658
3729845759.011000	0.251660	3.615073
3729845759.447000	0.252913	3.559492
3729845759.885000	0.249234	3.600618
3729845760.322000	0.253118	3.578122
3729845760.761000	0.253926	3.621739
3729845761.192000	0.252709	3.615079
3729845761.626000	0.255885	3.632769
3729845762.067000	0.256364	3.682680
3729845762.506000	0.255136	3.675919
3729845762.945000	0.254918	3.666415
3729845763.383000	0.255652	3.651816
3729845763.827000	0.261001	3.678656
3729845764.270000	0.259648	3.653439
3729845764.705000	0.259855	3.629386
3729845765.140000	0.258500	3.675599
3729845765.575000	0.260414	3.689375
3729845766.009000	0.258061	3.681930
3729845766.450000	0.257092	3.722077
3729845766.884000	0.259417	3.716268
3729845767.322000	0.264947	3.703716
3729845767.763000	0.263494	3.709828
3729845768.206000	0.264305	3.745279
3729845768.641000	0.265334	3.744623
3729845769.076000	0.266634	3.751806
3729845769.512000	0.267789	3.729742
3729845769.955000	0.264491	3.774192
3729845770.391000	0.271226	3.781402
3729845770.823000	0.272824	3.833407
3729845771.247000	0.273237	3.875365
3729845771.681000	0.276612	3.872947
3729845772.116000	0.277226	3.915700
3729845772.551000	0.277370	3.904134
3729845772.986000	0.281041	3.953081
3729845773.422000	0.281817	3.949215
3729845773.857000	0.278280	3.952586
3729845774.298000	0.284536	3.988340
3729845774.730000	0.285960	3.979847
3729845775.164000	0.286088	4.021737
3729845775.597000	0.284954	4.026141
3729845776.031000	0.287579	4.015609
3729845776.466000	0.285760	4.065044
3729845776.902000	0.288234	4.042879
3729845777.337000	0.288981	4.087854
3729845777.773000	0.291513	4.080956
3729845778.198000	0.290699	4.088402
3729845778.621000	0.291444	4.073645
3729845779.054000	0.291658	4.077983
3729845779.490000	0.290954	4.096700
3729845779.925000	0.291154	4.120879
3729845780.361000	0.291509	4.081381
3729845780.797000	0.291561	4.084418
3729845781.233000	0.297332	4.099654
3729845781.665000	0.292169	4.106763
3729845782.101000	0.298333	4.149220
3729845782.537000	0.295449	4.186889
3729845782.973000	0.296044	4.119241
3729845783.408000	0.296973	4.112341
3729845783.844000	0.296835	4.142438
3729845784.279000	0.295801	4.051167
3729845784.715000	0.289668	4.060208
3729845785.151000	0.289686	4.048801
3729845785.579000	0.289063	4.060290
3729845786.014000	0.289088	4.048631
3729845786.441000	0.289332	4.070954
3729845786.874000	0.291199	4.066017
3729845787.310000	0.292430	4.070659
3729845787.745000	0.291125	4.079438
3729845788.181000	0.295185	4.114144
3729845788.617000	0.294394	4.122629
3729845789.046000	0.293900	4.060880
3729845789.484000	0.290890	4.086281
3729845789.924000	0.293109	4.070065
3729845790.360000	0.293912	4.076418
3729845790.796000	0.292750	4.068719
3729845791.223000	0.291989	4.086494
3729845791.659000	0.293424	4.083949
3729845792.097000	0.296065	4.114368
3729845792.534000	0.301489	4.133389
3729845792.969000	0.300641	4.152160
3729845793.405000	0.296745	4.143778
3729845793.841000	0.299604	4.152379
3729845794.276000	0.299053	4.143677
3729845794.709000	0.300013	4.148970
3729845795.147000	0.298493	4.158486
3729845795.577000	0.300002	4.166089
3729845796.011000	0.298128	4.161720
3729845796.447000	0.296720	4.149095
3729845796.885000	0.297177	4.151574
3729845797.323000	0.303223	4.165555
3729845797.761000	0.297509	4.140760
3729845798.197000	0.298163	4.118584
3729845798.636000	0.298749	4.152772
3729845799.070000	0.299193	4.175461
3729845799.509000	0.301949	4.177977
3729845799.944000	0.302297	4.160893
3729845800.382000	0.300410	4.160027
3729845800.824000	0.299578	4.154311
3729845801.264000	0.301573	4.112440
3729845801.699000	0.298985	4.178845
3729845802.135000	0.294888	4.128716
3729845802.566000	0.297807	4.128415
3729845803.002000	0.301870	4.103270
3729845803.438000	0.302862	4.176432
3729845803.873000	0.300069	4.122957
3729845804.308000	0.301048	4.124449
3729845804.745000	0.300767	4.128547
3729845805.180000	0.303059	4.143466
3729845805.607000	0.298179	4.136296
3729845806.039000	0.298374	4.156882
3729845806.474000	0.299200	4.148101
3729845806.910000	0.300198	4.126730
3729845807.350000	0.296409	4.142327
3729845807.786000	0.293979	4.165641
3729845808.211000	0.300294	4.145543
3729845808.645000	0.301716	4.136217
3729845809.076000	0.297658	4.140935
3729845809.510000	0.297393	4.152034
3729845809.944000	0.296788	4.150011
3729845810.379000	0.296284	4.153914
3729845810.815000	0.298535	4.160283
3729845811.251000	0.297439	4.137661
3729845811.683000	0.296197	4.147890
3729845812.117000	0.300326	4.140430
3729845812.554000	0.298936	4.157111
3729845812.989000	0.296113	4.150541
3729845813.424000	0.303134	4.155773
3729845813.860000	0.299188	4.154564
3729845814.299000	0.298243	4.157502
3729845814.735000	0.298183	4.142178
3729845815.175000	0.301180	4.147792
3729845815.606000	0.300111	4.143054
3729845816.042000	0.301803	4.167407
3729845816.483000	0.300293	4.141195
3729845816.922000	0.298003	4.131749
3729845817.363000	0.299291	4.136037
3729845817.798000	0.299588	4.136936
3729845818.235000	0.298871	4.147510
3729845818.667000	0.299962	4.169594
3729845819.098000	0.299609	4.173688
3729845819.532000	0.299020	4.165725
3729845819.972000	0.304678	4.136620
3729845820.407000	0.303364	4.153071
3729845820.843000	0.299548	4.143201
3729845821.279000	0.301802	4.175333
3729845821.715000	0.301146	4.149084
3729845822.151000	0.302323	4.155199
3729845822.577000	0.306191	4.160074
3729845823.008000	0.299400	4.156842
3729845823.449000	0.300634	4.152393
3729845823.888000	0.294895	4.176091
3729845824.323000	0.301722	4.155254
3729845824.763000	0.302522	4.175908
3729845825.205000	0.300614	4.173463
3729845825.645000	0.300389	4.182784
3729845826.079000	0.300854	4.158055
